1
2
246
127
245
169
102
249
62
56
96
217
126
97
219
33
146
62
203
66
78
168
14
177
11
231
214
196
107
34
85
91
201
200
222
235
79
34
125
202
105
97
112
121
73
65
143
128
129
11
108
113
77
71
203
254
251
124
230
9
124
39
60
205
112
47
101
176
188
175
62
90
127
67
189
181
147
41
199
193
52
161
254
222
226
16
96
49
63
18
22
242
64
33
66
147
171
232
12
61
216
105
45
16
20
99
18
209
32
219
113
122
86
24
154
60
209
200
193
195
71
106
53
68
107
59
1
3
164
85
166
206
68
17
34
169
10
124
105
35
89
113
81
90
43
36
36
28
0
213
29
32
62
51
240
66
178
67
230
235
251
50
5
225
0
188
183
145
182
106
154
48
47
33
36
204
51
228
24
247
199
72
222
198
165
26
229
233
249
224
113
108
106
208
198
85
253
14
119
8
193
82
87
109
117
173
120
31
9
0
